C:\Python34\python.exe C:/Users/peetp/PycharmProjects/RSA/RSA.py
Input >>> Far far away, behind the word mountains, far from the countries Vokalia and Consonantia, there live the blind texts. Separated they live in Bookmarksgrove right at the coast of the Semantics, a large language ocean. A small river named Duden flows by their place and supplies it with the necessary regelialia. It is a paradisematic country, in which roasted parts of sentences fly into your mouth. Even the all-powerful Pointing has no control about the blind texts it is an almost unorthographic life One day however a small line of blind text by the name of Lorem Ipsum decided to
Encrypt[1], Decrypt[0] >>> 1

Block Maker
######################
Binary plaintext : Blocksize ratio
>>> 145.5
Blocks to create
>>> 146
Blocks
[[36, 58, 26, 37], [36, 58, 26, 37], [58, 40, 58, 45], [66, 37, 51, 25], [35, 44, 54, 38], [37, 27, 35, 25], [37, 40, 31, 26], [38, 37, 46, 31], [29, 54, 27, 58], [44, 54, 28, 66], [37, 36, 58, 26], [37, 36, 26, 31], [46, 37, 27, 35], [25, 37, 42, 31], [29, 54, 27, 26], [44, 25, 28, 37], [47, 31, 33, 58], [32, 44, 58, 37], [58, 54, 38, 37], [42, 31, 54, 28], [31, 54, 58, 54], [27, 44, 58, 66], [37, 27, 35, 25], [26, 25, 37, 32], [44, 47, 25, 37], [27, 35, 25, 37], [51, 32, 44, 54], [38, 37, 27, 25], [41, 27, 28, 30], [37, 28, 25, 39], [58, 26, 58, 27], [25, 38, 37, 27], [35, 25, 45, 37], [32, 44, 47, 25], [37, 44, 54, 37], [51, 31, 31, 33], [46, 58, 26, 33], [28, 24, 26, 31], [47, 25, 37, 26], [44, 24, 35, 27], [37, 58, 27, 37], [27, 35, 25, 37], [42, 31, 58, 28], [27, 37, 31, 36], [37, 27, 35, 25], [37, 28, 25, 46], [58, 54, 27, 44], [42, 28, 66, 37], [58, 37, 32, 58], [26, 24, 25, 37], [32, 58, 54, 24], [29, 58, 24, 25], [37, 31, 42, 25], [58, 54, 30, 37], [58, 37, 28, 46], [58, 32, 32, 37], [26, 44, 47, 25], [26, 37, 54, 58], [46, 25, 38, 37], [38, 29, 38, 25], [54, 37, 36, 32], [31, 40, 28, 37], [51, 45, 37, 27], [35, 25, 44, 26], [37, 39, 32, 58], [42, 25, 37, 58], [54, 38, 37, 28], [29, 39, 39, 32], [44, 25, 28, 37], [44, 27, 37, 40], [44, 27, 35, 37], [27, 35, 25, 37], [54, 25, 42, 25], [28, 28, 58, 26], [45, 37, 26, 25], [24, 25, 32, 44], [58, 32, 44, 58], [30, 37, 44, 27], [37, 44, 28, 37], [58, 37, 39, 58], [26, 58, 38, 44], [28, 25, 46, 58], [27, 44, 42, 37], [42, 31, 29, 54], [27, 26, 45, 66], [37, 44, 54, 37], [40, 35, 44, 42], [35, 37, 26, 31], [58, 28, 27, 25], [38, 37, 39, 58], [26, 27, 28, 37], [31, 36, 37, 28], [25, 54, 27, 25], [54, 42, 25, 28], [37, 36, 32, 45], [37, 44, 54, 27], [31, 37, 45, 31], [29, 26, 37, 46], [31, 29, 27, 35], [30, 37, 25, 47], [25, 54, 37, 27], [35, 25, 37, 58], [32, 32, 55, 39], [31, 40, 25, 26], [36, 29, 32, 37], [39, 31, 44, 54], [27, 44, 54, 24], [37, 35, 58, 28], [37, 54, 31, 37], [42, 31, 54, 27], [26, 31, 32, 37], [58, 51, 31, 29], [27, 37, 27, 35], [25, 37, 51, 32], [44, 54, 38, 37], [27, 25, 41, 27], [28, 37, 44, 27], [37, 44, 28, 37], [58, 54, 37, 58], [32, 46, 31, 28], [27, 37, 29, 54], [31, 26, 27, 35], [31, 24, 26, 58], [39, 35, 44, 42], [37, 32, 44, 36], [25, 37, 31, 54], [25, 37, 38, 58], [45, 37, 35, 31], [40, 25, 47, 25], [26, 37, 58, 37], [28, 46, 58, 32], [32, 37, 32, 44], [54, 25, 37, 31], [36, 37, 51, 32], [44, 54, 38, 37], [27, 25, 41, 27], [37, 51, 45, 37], [27, 35, 25, 37], [54, 58, 46, 25], [37, 31, 36, 37], [32, 31, 26, 25], [46, 37, 44, 39], [28, 29, 46, 37], [38, 25, 42, 44], [38, 25, 38, 37], [27, 31, 41, 41]]

Prime number generator
######################
>>> Generating tons of prime numbers!
>>> Created 2 prime numbers
Elapsed time
>>> 44.224053144454956

N number calculation
######################
>>> p = 7803741904292819, q = 5054599200961187
>>> p * q = n
>>> n = 39444787593945814752906301816153 => 105 bits

Fi number calculation
######################
>>> (p - 1) = 7803741904292818, (q - 1) = 5054599200961186
>>> (p - 1) * (q - 1) = fi
>>> fi = 39444787593945801894565196562148

Pick 'E' - public key
######################
Some suggested E values
>>> [49, 37, 5, 35, 27]
Pick the your E >>> 37

D number calculation
######################
>>> e = 37 fi = 39444787593945801894565196562148
>>> d = 13858979424899876341333717711025
>>> Let' check it
>>> d = e * d mod fi has to be 1.0 ...
>>> 37 * 13858979424899876341333717711025 mod 39444787593945801894565196562148 = 1 => d is OK

Keys show up
######################
>>> Private key: {d: { 13858979424899876341333717711025 n: 39444787593945814752906301816153 }
>>> Public key:  {e: { 37 n: 39444787593945814752906301816153 }
Shrinked >>> [53551298937278, 53551298937278, 75017512253926, 109836452463686, 14092759081544, 2634002505316, 11169109450304, 9256994437897, 20247788388749, 74052082953981, 7634256633791, 7290560860057, 19864456016363, 2133354778432, 20247584753597, 4641530158303, 12237277661134, 10515704879038, 212416667258392, 7536411996779, 25184701638424, 6244350059146, 2634002505316, 464682222662, 41109537836638, 2054675656318, 20134598338755, 9019385774053, 4157746056000, 2920377741034, 22296309425362, 2392032374902, 1630876695565, 10363654739200, 17091257618108, 18029469051628, 118130738634633, 520570836097, 6550239916637, 4185527346030, 58216360684837, 2054675656318, 7579793770774, 2663647802407, 2634002505316, 2920394658424, 210964625330030, 5534509414628, 57418744483483, 384750885115, 39175468815445, 29231074708510, 4283832804178, 211359791490622, 57220387296196, 37418079486692, 5508705302401, 2466177306553, 5885762131132, 3783308655151, 41148219706223, 5930793584182, 63020019528417, 1627425389286, 10091698178179, 3751239906703, 44902466783359, 4319364553238, 4641530158303, 5894761560118, 5876769577033, 2054675656318, 13563952263260, 1001802431354, 18050209965728, 338236264004, 37852034276894, 3874469183613, 16577204267128, 57766883518174, 22590581754015, 637159627711, 6095225023940, 7269577918854, 637167529746, 17091257618108, 9206647309098, 6559961767327, 25968684038686, 9169040221609, 610409186908, 3822174260089, 13800752770066, 62225708126338, 7354158997698, 17091199152333, 4347953999434, 826498745251, 1583316353291, 3751176908450, 13971905001172, 1603613946559, 2759188260042, 5903675086679, 2963128553282, 5373227138985, 6206692845240, 6857465420056, 41613875716387, 7536408114405, 1085240884177, 170534684720045, 2643855873788, 2171412339572, 74654076073243, 544298479788, 3072032616030, 16577204267128, 212284774231213, 12440673061288, 2653780625259, 1060162384946, 800023320043, 8299436705748, 4816993624947, 2087571159640, 2116658268811, 18238483733567, 3022665542200, 2484914882053, 8594038184207, 4763075998725, 13480101279712, 7568923037723, 74654076073243, 544298479788, 32402542037917, 2054675656318, 214009074635725, 4241515983367, 2310717905653, 20247775661505, 1115927614867, 2355692488922, 2337631178767, 1264874549462]
Ciphered >>> [3998103953754184714831897556576, 3998103953754184714831897556576, 18021874418600372409526335828885, 21323466773764004502583367736769, 25701321016840460915038191394299, 34910673390307623445397401668873, 30711710784080822096232316760897, 32127304942454124531854864491508, 22747709923248545379635912100289, 34888960367962015731576916988244, 32108399385372843378453689854494, 9237641502024530828377937367261, 38139203190981326837570189705700, 4474699869630638113833889107023, 16867851627397928327401570580013, 37027749958446076742948280902094, 4352804930636544274425763609566, 29995721782656777969509159926112, 1171168030160227713999503621341, 4631986750070525458700110496700, 1009080471839499756841536783253, 13231490727391866979154724383385, 34910673390307623445397401668873, 1017023058453910789046088187156, 35959301568779925356145208380328, 37953265593162027364273575288767, 26923031473136970619866233774687, 3030153488180393205246161910753, 19483904812212076594336620902880, 2660392791065622597275942180712, 29357858359295901686455831096677, 18813208530006884171731156703745, 9887522929445925237262551734329, 9849610672041792394176266543220, 10105260309734757105912439566560, 37733174870838269228847907483721, 22150043797791511202772400965308, 2761901218302528252021856340098, 8681723158943546009331366380914, 38970640658166592694556980747451, 4375256622646615571700728672571, 37953265593162027364273575288767, 35184514368149306807468945810866, 31370001688733763179796183334424, 34910673390307623445397401668873, 24358051712157601585256171056211, 24832263069895715749510615469082, 20701897841420370158920628227144, 8066353741413147429914337234987, 2881731311458781588839210179090, 25577118887213902578585469245082, 36802826598840424893746864704905, 24046691017987321435278243693418, 36949794421857549577753768483958, 34396177960845266665201041167138, 39152106733663026827234513603600, 24731599282245473106751801132729, 10495367548573990099941321958690, 34449352545809291079642823801900, 36141598950593810536985436625336, 3157239598583855442377983394988, 5057993573180800877528346366971, 3326162191845064492061390248400, 34814206067238431191028768437429, 695611163813018759351680096160, 18442563129711893338451409224052, 22961154333596202083211413956325, 32536392749865797907789245704069, 37027749958446076742948280902094, 21153254948696656602934266403611, 23566595044587226916027556759539, 37953265593162027364273575288767, 32660875533706409901264532069574, 14457040172847789860735512078128, 9248577760810654683555012709806, 34607928292220699572835778326317, 25172827688432608677735281501161, 31197408065616868554863699674993, 13891596873635265523676187965833, 36807143330525035451512609547267, 39263565772642222936666569574607, 15641770880906108568073078057843, 4813803745393974253581371601406, 25266387984464653516751666460861, 5508126532766985294227303046955, 10105260309734757105912439566560, 2589313868763188979130052312840, 36962873890762223327781122070006, 27872479115559044824522038166672, 13222403243206984388775597488610, 10430790974832791884754335810605, 10229723454422975116029488818687, 11200064850581743306572511265740, 38959263694914365809490084780850, 5715809670634321843675892660743, 24298790547708346433400827955579, 17202323451328955657863475299270, 29183960379263086475562446826297, 10865481786626338539931532408381, 25907960141125606457106978460518, 27435833636921551676858220775743, 33704768857251080394030644509658, 22527900388197969695463381104578, 17057430024747455728563027758380, 238727500989286347321706820004, 14899529388513719326747729811215, 2854051784424781142353213874929, 29859372748309434812096841346321, 18226316114628077020681212520571, 7702859080115255565942707855570, 22105764803331176750096689758609, 11646677738916902738274941310647, 14471066437344751579396602454630, 7066346126679267080102218633932, 38775636362750568456487767012139, 9917633476198141448411471763930, 31953274374212268709900556595132, 13891596873635265523676187965833, 12649540877904164279068822702420, 5179016063051165708700165314890, 38113900345131018511374224385148, 11263974644949704744971650977944, 12348583925479616075488463326218, 34992313547176243946632575360156, 17228357466378052876756370755236, 23627887604891325180717493225403, 25362042063127328428938694440308, 22906380790840671965400323897721, 26183272774951335202953322484947, 36931319960522488058630732698121, 9750382262575277782197548449959, 39283663170752581872074762506907, 14984299936104592954895313653946, 18113859964754917614332138045724, 38775636362750568456487767012139, 9917633476198141448411471763930, 5796327743532731555503308221294, 37953265593162027364273575288767, 17923463055272804572930325248790, 19399282861110254076746278686705, 6499003436225357410788976874908, 33987229634943759340185638804225, 21787390109069596348454879377296, 975081165302021329182057362870, 533389513278431886321779998112, 25228416403877661878498947846942]

Process finished with exit code 0
